sem boost
no_boost_data=[ 
[ 27 0 1 4 6 8 10 12 13 14 15 16 16 18 17 18 18 17 18 18 18 18 17 17 17 16 17 15 16 15 15 14 14 14 13 12 12 12 12 11 10 11 9 10 9 8 8 8 7 7 7 6 6 5 5 5 4 4 4 3 4 3 2 3 2 2 1 1 1 1 2 0 1 0 1 0 0 0 1 0 0 0 1 0 1 1 1 0 1 0 0 0 1 0 0 0 0 0 0 0 0 0 0 0 0 0 0 0 0 0 0 0 0 0 0 0 0 0 0 0 0 0 0 0 0 0 0 0 0 0 0 0 0 0 0 0 0 0 0 0 0  ]; 
[ 28 0 1 4 7 9 10 13 14 15 16 16 18 18 18 19 19 18 19 19 19 18 19 18 18 17 17 17 16 16 15 15 15 14 13 14 13 12 12 11 11 11 10 9 10 9 8 8 7 7 7 6 6 6 5 5 4 4 4 3 4 2 2 2 2 1 2 1 0 1 0 0 0 1 0 0 1 0 1 1 0 1 0 0 0 0 0 0 0 0 0 0 0 0 0 0 0 0 0 0 0 0 0 0 0 0 0 0 0 0 0 0 0 0 0 0 0 0 0 0 0 0 0 0 0 0 0 0 0 0 0 0 0 0 0 0 0 0 0 0 0  ]; 
[ 29 0 1 5 7 9 12 14 15 16 18 18 19 19 20 20 20 20 20 20 20 19 20 19 18 19 17 18 17 16 16 16 15 15 14 14 13 13 12 12 11 11 10 10 9 9 9 8 8 7 7 6 6 5 5 5 4 4 3 3 3 2 2 2 2 2 1 1 0 0 0 0 0 0 0 0 0 0 0 0 0 0 0 0 0 0 0 0 0 0 0 0 0 0 0 0 0 0 0 0 0 0 0 0 0 0 0 0 0 0 0 0 0 0 0 0 0 0 0 0 0 0 0 0 0 0 0 0 0 0 0 0 0 0 0 0 0 0 0 0 0  ]; 
[ 30 0 1 4 8 11 12 15 16 17 18 20 20 20 21 21 21 21 21 21 20 21 20 19 20 18 19 18 17 17 17 16 15 15 15 14 13 13 13 12 11 11 11 10 9 9 9 8 8 7 7 6 6 5 6 4 4 4 3 3 3 3 2 1 0 0 0 0 0 0 0 0 0 0 0 0 0 0 0 0 0 0 0 0 0 0 0 0 0 0 0 0 0 0 0 0 0 0 0 0 0 0 0 0 0 0 0 0 0 0 0 0 0 0 0 0 0 0 0 0 0 0 0 0 0 0 0 0 0 0 0 0 0 0 0 0 0 0 0 0 0  ]; 
[ 31 0 2 5 9 11 14 16 17 18 20 20 21 21 22 21 22 22 22 22 21 21 21 20 20 20 19 18 18 18 17 17 16 15 15 15 13 14 13 12 12 11 11 11 10 9 9 8 8 7 7 7 6 5 5 5 4 4 3 3 2 3 1 1 2 1 0 1 0 0 0 0 0 0 0 0 0 0 0 0 0 0 0 0 0 0 0 0 0 0 0 0 0 0 0 0 0 0 0 0 0 0 0 0 0 0 0 0 0 0 0 0 0 0 0 0 0 0 0 0 0 0 0 0 0 0 0 0 0 0 0 0 0 0 0 0 0 0 0 0 0  ]; 
[ 32 0 2 5 8 12 14 16 18 19 20 21 22 22 23 23 22 24 23 22 23 22 21 22 20 21 19 20 19 18 18 17 16 17 15 15 15 14 13 13 12 12 12 10 11 9 10 8 8 8 8 6 7 5 6 4 5 4 3 3 3 2 2 2 1 1 0 0 0 0 0 0 0 0 0 0 0 0 0 0 0 0 0 0 0 0 0 0 0 0 0 0 0 0 0 0 0 0 0 0 0 0 0 0 0 0 0 0 0 0 0 0 0 0 0 0 0 0 0 0 0 0 0 0 0 0 0 0 0 0 0 0 0 0 0 0 0 0 0 0 0  ]; 
[ 33 0 1 6 9 12 15 17 19 20 21 23 23 23 24 24 24 23 24 24 23 23 22 22 21 21 21 19 20 19 18 18 17 16 16 16 15 14 14 13 13 12 11 11 11 10 9 9 9 8 7 7 6 6 5 5 5 4 3 4 2 2 1 2 1 0 0 0 0 0 0 0 0 0 0 0 0 0 0 0 0 0 0 0 0 0 0 0 0 0 0 0 0 0 0 0 0 0 0 0 0 0 0 0 0 0 0 0 0 0 0 0 0 0 0 0 0 0 0 0 0 0 0 0 0 0 0 0 0 0 0 0 0 0 0 0 0 0 0 0 0  ]; 
[ 34 0 2 6 10 13 16 18 19 21 23 23 24 24 25 25 25 25 24 24 24 24 23 23 22 21 22 20 20 19 19 18 18 17 17 15 16 15 14 13 13 13 12 11 11 10 10 9 9 8 7 7 7 6 6 5 4 4 4 4 2 2 1 2 1 0 0 0 0 0 0 0 0 0 0 0 0 0 0 0 0 0 0 0 0 0 0 0 0 0 0 0 0 0 0 0 0 0 0 0 0 0 0 0 0 0 0 0 0 0 0 0 0 0 0 0 0 0 0 0 0 0 0 0 0 0 0 0 0 0 0 0 0 0 0 0 0 0 0 0 0  ]; 
[ 35 0 2 7 10 14 16 19 20 22 24 24 25 25 26 26 26 26 25 25 25 24 24 23 23 23 21 21 21 19 20 18 19 17 17 16 16 15 15 14 13 13 12 11 11 11 10 9 9 8 8 7 7 6 6 5 5 4 4 2 3 3 1 2 1 1 0 0 0 0 0 0 0 0 0 0 0 0 0 0 0 0 0 0 0 0 0 0 0 0 0 0 0 0 0 0 0 0 0 0 0 0 0 0 0 0 0 0 0 0 0 0 0 0 0 0 0 0 0 0 0 0 0 0 0 0 0 0 0 0 0 0 0 0 0 0 0 0 0 0 0  ]; 
[ 36 0 3 6 11 14 17 19 21 23 24 25 26 26 27 26 27 26 27 26 25 25 25 24 23 23 22 22 21 20 20 19 19 18 17 17 17 15 15 14 14 14 12 12 12 10 11 10 9 8 8 8 7 7 6 5 5 4 4 4 3 2 2 1 2 0 0 0 0 0 0 0 0 0 0 0 0 0 0 0 0 0 0 0 0 0 0 0 0 0 0 0 0 0 0 0 0 0 0 0 0 0 0 0 0 0 0 0 0 0 0 0 0 0 0 0 0 0 0 0 0 0 0 0 0 0 0 0 0 0 0 0 0 0 0 0 0 0 0 0 0  ]; 
[ 37 0 2 7 12 15 17 20 23 23 25 26 27 27 27 28 27 27 27 27 26 25 25 25 24 23 23 22 21 21 20 20 19 18 18 17 17 16 15 15 14 13 13 13 11 11 11 10 9 9 9 7 7 7 6 6 5 4 4 4 3 2 2 2 1 1 0 0 0 0 0 0 0 0 0 0 0 0 0 0 0 0 0 0 0 0 0 0 0 0 0 0 0 0 0 0 0 0 0 0 0 0 0 0 0 0 0 0 0 0 0 0 0 0 0 0 0 0 0 0 0 0 0 0 0 0 0 0 0 0 0 0 0 0 0 0 0 0 0 0 0  ]; 
[ 38 0 2 8 11 16 18 22 23 25 26 27 28 28 28 29 28 29 27 28 27 26 26 25 25 24 24 23 22 22 20 21 19 19 19 17 17 17 16 15 14 14 13 13 12 11 11 10 10 9 9 8 7 7 6 6 5 5 4 3 4 3 2 2 0 0 0 -1 0 0 -1 0 -1 0 0 0 0 0 0 0 0 0 0 0 0 0 0 0 0 0 0 0 0 0 0 0 0 0 0 0 0 0 0 0 0 0 0 0 0 0 0 0 0 0 0 0 0 0 0 0 0 0 0 0 0 0 0 0 0 0 0 0 0 0 0 0 0 0 0 0 0  ]; 
[ 39 0 2 7 13 16 19 22 24 25 27 28 29 29 26 30 29 29 29 28 28 27 27 26 26 24 25 23 23 22 22 21 20 20 18 19 17 17 16 16 15 14 14 13 12 12 11 11 10 9 9 8 8 7 6 6 6 5 4 4 3 3 3 2 0 1 -1 0 -1 -1 0 0 0 0 0 0 0 0 0 0 0 0 0 0 0 0 0 0 0 0 0 0 0 0 0 0 0 0 0 0 0 0 0 0 0 0 0 0 0 0 0 0 0 0 0 0 0 0 0 0 0 0 0 0 0 0 0 0 0 0 0 0 0 0 0 0 0 0 0 0 0  ]; 
[ 40 0 2 8 12 17 20 23 25 26 28 29 30 30 30 30 30 26 30 28 29 27 24 26 26 26 24 24 23 23 22 21 21 19 20 18 18 17 17 15 16 14 14 13 13 12 11 11 10 9 9 8 8 7 7 6 5 5 4 4 4 2 3 2 1 0 0 -1 -1 0 -1 0 0 0 0 0 0 0 0 0 0 0 0 0 0 0 0 0 0 0 0 0 0 0 0 0 0 0 0 0 0 0 0 0 0 0 0 0 0 0 0 0 0 0 0 0 0 0 0 0 0 0 0 0 0 0 0 0 0 0 0 0 0 0 0 0 0 0 0 0 0  ]; 
[ 41 0 2 8 13 17 21 23 26 28 29 30 30 27 28 31 31 27 31 30 29 25 29 27 27 27 25 25 24 24 23 22 21 21 20 19 19 17 17 17 16 15 14 14 13 12 12 10 11 9 9 9 7 8 6 6 6 4 5 3 3 3 2 2 1 1 0 0 0 0 0 0 0 0 0 0 0 0 0 0 0 0 0 0 0 0 0 0 0 0 0 0 0 0 0 0 0 0 0 0 0 0 0 0 0 0 0 0 0 0 0 0 0 0 0 0 0 0 0 0 0 0 0 0 0 0 0 0 0 0 0 0 0 0 0 0 0 0 0 0 0  ]; 
[ 42 0 3 8 13 18 22 24 27 28 30 31 32 32 32 32 28 28 31 31 30 29 25 28 28 27 26 25 25 24 23 23 21 22 20 20 18 19 17 17 15 16 14 14 12 12 11 11 10 9 8 8 8 6 6 5 5 4 3 3 2 2 1 0 0 -1 -1 0 0 0 0 0 0 0 0 0 0 0 0 0 0 0 0 0 0 0 0 0 0 0 0 0 0 0 0 0 0 0 0 0 0 0 0 0 0 0 0 0 0 0 0 0 0 0 0 0 0 0 0 0 0 0 0 0 0 0 0 0 0 0 0 0 0 0 0 0 0 0 0 0 0  ]; 
[ 43 0 2 8 14 19 22 25 28 30 31 32 32 29 30 33 33 33 32 31 27 27 29 29 29 27 27 26 25 25 24 23 22 22 21 20 19 19 17 17 16 15 14 14 12 12 10 11 9 9 8 7 6 5 5 5 3 3 2 2 1 1 1 0 0 0 0 0 0 0 0 0 0 0 0 0 0 0 0 0 0 0 0 0 0 0 0 0 0 0 0 0 0 0 0 0 0 0 0 0 0 0 0 0 0 0 0 0 0 0 0 0 0 0 0 0 0 0 0 0 0 0 0 0 0 0 0 0 0 0 0 0 0 0 0 0 0 0 0 0 0  ]; 
[ 44 0 3 9 15 19 23 26 29 30 28 30 33 31 34 34 30 30 33 33 32 31 30 26 29 29 27 27 26 26 24 24 23 22 22 20 19 19 18 17 15 15 14 13 12 11 11 10 8 8 7 6 6 4 4 3 3 2 1 0 0 -1 0 -1 -1 0 -1 0 0 0 0 0 0 0 0 0 0 0 0 0 0 0 0 0 0 0 0 0 0 0 0 0 0 0 0 0 0 0 0 0 0 0 0 0 0 0 0 0 0 0 0 0 0 0 0 0 0 0 0 0 0 0 0 0 0 0 0 0 0 0 0 0 0 0 0 0 0 0 0 0 0  ]; 
[ 45 0 3 9 15 20 24 27 29 31 29 30 31 35 35 32 34 31 34 33 33 31 28 30 30 29 28 28 26 26 25 25 23 22 22 21 19 18 18 16 16 14 14 12 12 10 10 9 7 8 5 6 4 4 2 3 1 1 1 0 0 0 0 0 0 0 0 0 0 0 0 0 0 0 0 0 0 0 0 0 0 0 0 0 0 0 0 0 0 0 0 0 0 0 0 0 0 0 0 0 0 0 0 0 0 0 0 0 0 0 0 0 0 0 0 0 0 0 0 0 0 0 0 0 0 0 0 0 0 0 0 0 0 0 0 0 0 0 0 0 0  ]; 
[ 46 0 3 9 16 21 24 28 31 32 34 35 36 36 36 35 32 34 31 33 33 32 32 30 26 26 28 28 26 26 25 25 23 22 21 20 19 18 17 16 15 13 13 12 10 10 9 7 7 6 5 4 3 3 2 1 2 0 0 0 0 0 0 0 0 0 0 0 0 0 0 0 0 0 0 0 0 0 0 0 0 0 0 0 0 0 0 0 0 0 0 0 0 0 0 0 0 0 0 0 0 0 0 0 0 0 0 0 0 0 0 0 0 0 0 0 0 0 0 0 0 0 0 0 0 0 0 0 0 0 0 0 0 0 0 0 0 0 0 0 0  ]; 
[ 47 0 3 10 16 21 25 29 31 33 31 36 36 33 33 37 36 36 35 34 30 33 33 31 31 30 29 28 28 26 25 25 24 22 21 20 19 18 16 15 14 13 12 11 10 9 7 7 6 5 4 3 2 2 0 1 0 0 0 0 0 0 0 0 0 0 0 0 0 0 0 0 0 0 0 0 0 0 0 0 0 0 0 0 0 0 0 0 0 0 0 0 0 0 0 0 0 0 0 0 0 0 0 0 0 0 0 0 0 0 0 0 0 0 0 0 0 0 0 0 0 0 0 0 0 0 0 0 0 0 0 0 0 0 0 0 0 0 0 0 0  ]; 
[ 48 0 3 11 17 22 27 29 29 34 36 37 34 38 37 34 37 36 33 35 34 34 33 32 31 31 29 29 28 26 26 25 23 22 21 19 19 17 15 15 13 13 11 9 9 8 7 5 5 4 3 2 2 1 0 0 -1 0 0 0 0 0 0 0 0 0 0 0 0 0 0 0 0 0 0 0 0 0 0 0 0 0 0 0 0 0 0 0 0 0 0 0 0 0 0 0 0 0 0 0 0 0 0 0 0 0 0 0 0 0 0 0 0 0 0 0 0 0 0 0 0 0 0 0 0 0 0 0 0 0 0 0 0 0 0 0 0 0 0 0 0  ]; 
[ 49 0 3 10 17 22 27 30 33 35 36 34 38 35 38 38 34 37 37 35 35 30 30 32 28 31 30 29 29 27 26 25 23 23 21 19 19 17 15 15 13 13 11 9 9 7 6 6 4 4 3 2 1 0 -1 -1 -1 0 -1 0 0 0 0 0 0 0 0 0 0 0 0 0 0 0 0 0 0 0 0 0 0 0 0 0 0 0 0 0 0 0 0 0 0 0 0 0 0 0 0 0 0 0 0 0 0 0 0 0 0 0 0 0 0 0 0 0 0 0 0 0 0 0 0 0 0 0 0 0 0 0 0 0 0 0 0 0 0 0 0 0 0  ]; 
[ 50 0 3 11 17 23 27 31 34 36 37 35 39 39 35 35 35 38 37 36 36 35 34 33 32 28 30 30 28 28 26 24 24 22 21 19 18 16 15 14 13 11 10 8 8 6 5 5 3 2 2 1 0 -1 -1 0 -1 0 0 0 0 0 0 0 0 0 0 0 0 0 0 0 0 0 0 0 0 0 0 0 0 0 0 0 0 0 0 0 0 0 0 0 0 0 0 0 0 0 0 0 0 0 0 0 0 0 0 0 0 0 0 0 0 0 0 0 0 0 0 0 0 0 0 0 0 0 0 0 0 0 0 0 0 0 0 0 0 0 0 0 0  ]; 
[ 51 0 4 11 18 23 27 31 30 32 34 35 36 40 39 36 39 38 34 37 36 32 34 30 29 32 27 27 29 28 27 25 25 23 21 21 18 18 16 15 13 12 11 9 8 7 6 5 3 3 2 1 0 0 0 0 0 0 0 0 0 0 0 0 0 0 0 0 0 0 0 0 0 0 0 0 0 0 0 0 0 0 0 0 0 0 0 0 0 0 0 0 0 0 0 0 0 0 0 0 0 0 0 0 0 0 0 0 0 0 0 0 0 0 0 0 0 0 0 0 0 0 0 0 0 0 0 0 0 0 0 0 0 0 0 0 0 0 0 0 0  ]; 
[ 52 0 3 13 18 25 29 32 32 38 39 40 37 41 41 40 36 39 39 37 33 32 32 34 33 33 31 30 29 28 26 25 23 22 19 19 17 16 14 12 12 9 9 7 5 5 4 2 2 1 1 0 -1 0 0 0 0 0 0 0 0 0 0 0 0 0 0 0 0 0 0 0 0 0 0 0 0 0 0 0 0 0 0 0 0 0 0 0 0 0 0 0 0 0 0 0 0 0 0 0 0 0 0 0 0 0 0 0 0 0 0 0 0 0 0 0 0 0 0 0 0 0 0 0 0 0 0 0 0 0 0 0 0 0 0 0 0 0 0 0 0  ]; 
[ 53 0 3 12 19 24 30 33 36 35 40 41 41 38 41 37 37 36 35 35 37 33 36 35 34 33 32 31 29 28 27 25 24 21 21 18 17 16 14 12 11 9 8 6 6 4 3 2 1 0 -1 -1 -2 -1 -1 0 -1 0 0 0 0 0 0 0 0 0 0 0 0 0 0 0 0 0 0 0 0 0 0 0 0 0 0 0 0 0 0 0 0 0 0 0 0 0 0 0 0 0 0 0 0 0 0 0 0 0 0 0 0 0 0 0 0 0 0 0 0 0 0 0 0 0 0 0 0 0 0 0 0 0 0 0 0 0 0 0 0 0 0 0 0  ]; 
[ 54 0 3 12 19 25 30 34 36 36 40 38 38 39 39 42 37 37 37 39 39 37 33 36 35 34 32 31 30 28 27 25 23 21 20 18 17 14 14 11 10 9 7 6 5 3 2 2 0 0 0 0 -1 0 0 0 0 0 0 0 0 0 0 0 0 0 0 0 0 0 0 0 0 0 0 0 0 0 0 0 0 0 0 0 0 0 0 0 0 0 0 0 0 0 0 0 0 0 0 0 0 0 0 0 0 0 0 0 0 0 0 0 0 0 0 0 0 0 0 0 0 0 0 0 0 0 0 0 0 0 0 0 0 0 0 0 0 0 0 0 0  ]; 
[ 55 0 4 12 20 26 31 35 38 40 38 42 40 43 39 39 42 41 37 39 35 34 33 32 31 34 33 31 30 28 26 25 23 21 19 18 16 15 12 11 10 8 6 5 5 2 2 0 0 -1 -1 -1 -2 -1 -1 -1 -1 0 0 0 0 0 0 0 0 0 0 0 0 0 0 0 0 0 0 0 0 0 0 0 0 0 0 0 0 0 0 0 0 0 0 0 0 0 0 0 0 0 0 0 0 0 0 0 0 0 0 0 0 0 0 0 0 0 0 0 0 0 0 0 0 0 0 0 0 0 0 0 0 0 0 0 0 0 0 0 0 0 0 0 0  ]; 
[ 56 0 4 12 20 26 32 35 38 37 39 43 40 41 43 40 39 42 41 37 39 35 34 37 35 34 29 32 29 25 26 24 23 21 19 18 15 14 12 11 9 7 6 4 4 2 2 0 0 -1 0 -1 0 0 -1 0 0 0 0 0 0 0 0 0 0 0 0 0 0 0 0 0 0 0 0 0 0 0 0 0 0 0 0 0 0 0 0 0 0 0 0 0 0 0 0 0 0 0 0 0 0 0 0 0 0 0 0 0 0 0 0 0 0 0 0 0 0 0 0 0 0 0 0 0 0 0 0 0 0 0 0 0 0 0 0 0 0 0 0 0 0  ]; 
[ 57 0 4 12 21 26 32 36 36 41 40 44 41 41 41 40 40 39 42 37 37 39 34 34 36 35 33 28 30 29 26 25 22 21 19 17 15 13 11 10 8 7 5 4 2 1 1 -1 0 0 -1 0 0 0 0 0 0 0 0 0 0 0 0 0 0 0 0 0 0 0 0 0 0 0 0 0 0 0 0 0 0 0 0 0 0 0 0 0 0 0 0 0 0 0 0 0 0 0 0 0 0 0 0 0 0 0 0 0 0 0 0 0 0 0 0 0 0 0 0 0 0 0 0 0 0 0 0 0 0 0 0 0 0 0 0 0 0 0 0 0 0  ]; 
[ 58 0 4 14 21 28 34 37 41 43 44 41 42 42 42 45 40 40 42 38 37 40 38 34 36 35 33 31 29 27 25 23 21 19 17 16 13 11 9 8 6 5 3 2 0 0 -1 -1 -2 -2 -1 -2 -1 0 -1 0 0 0 0 0 0 0 0 0 0 0 0 0 0 0 0 0 0 0 0 0 0 0 0 0 0 0 0 0 0 0 0 0 0 0 0 0 0 0 0 0 0 0 0 0 0 0 0 0 0 0 0 0 0 0 0 0 0 0 0 0 0 0 0 0 0 0 0 0 0 0 0 0 0 0 0 0 0 0 0 0 0 0 0 0 0  ]; 
[ 59 0 5 13 22 28 30 34 38 43 42 42 43 43 43 42 42 44 40 39 42 37 40 38 33 32 33 29 30 28 26 24 22 20 18 16 13 12 10 8 7 5 4 2 0 0 -2 -2 -2 -1 -2 -1 0 -1 0 0 0 0 0 0 0 0 0 0 0 0 0 0 0 0 0 0 0 0 0 0 0 0 0 0 0 0 0 0 0 0 0 0 0 0 0 0 0 0 0 0 0 0 0 0 0 0 0 0 0 0 0 0 0 0 0 0 0 0 0 0 0 0 0 0 0 0 0 0 0 0 0 0 0 0 0 0 0 0 0 0 0 0 0 0 0  ]
]